1 out10.txt 9.30352 64.2876 81.1273 
1 out6.txt 45.3993 26.5983 38.0101 
1 out3.txt 86.2116 58.2533 63.8734 
0 out2.txt 87.147 79.5242 63.9554 
1 out5.txt 91.5625 90.1914 47.2707 
1 out6.txt 15.2567 19.4629 12.8102 
1 out8.txt 27.4992 78.8462 67.6613 
0 out9.txt 13.2734 85.4457 86.3154 
0 out3.txt 39.2839 45.1519 67.5929 
0 out4.txt 73.7325 21.5155 10.3182 
0 out4.txt 17.5337 89.6001 8.97681 
1 out5.txt 83.5891 81.5066 81.2413 
0 out6.txt 20.6479 28.6065 90.0165 
1 out10.txt 12.0648 72.5309 25.9993 
0 out1.txt 10.3951 10.313 30.1398 
0 out5.txt 3.08087 80.2538 24.8081 
1 out4.txt 57.4348 6.45923 60.2458 
0 out3.txt 99.0116 87.787 35.4225 
1 out5.txt 72.4284 4.00001 28.1418 
0 out9.txt 39.0712 69.4802 53.7888 
0 out1.txt 95.4165 65.1577 5.98963 
1 out5.txt 94.1701 16.2971 5.9299 
1 out4.txt 4.42427 58.6466 73.506 
0 out9.txt 80.0658 65.7747 75.734 
1 out4.txt 98.5804 39.964 75.7309 
1 out9.txt 27.6773 71.9151 76.9783 
0 out10.txt 65.6691 1.014 42.3683 
0 out10.txt 88.7809 40.3044 96.4867 
1 out7.txt 15.3229 32.2834 86.7534 
1 out10.txt 55.1127 79.0073 75.7784 
